Potential DOS attack Detected with records as follows
[[2853066020 3437282560       1460          6]
 [2853066020 3437282560       1460          6]
 [2853066020 3437282560       1460          6]
 [2853066020 3437282560       1460          6]
 [2853066020 3437282560       1460          6]
 [2853066020 3437282560       1460          6]
 [2853066020 3437282560       1460          6]
 [2853066020 3437282560       1460          6]]
Potential DOS attack Detected with records as follows
[[ 167121940 2853065510          0          6]
 [ 167121940 2853065510          0          6]
 [ 167121940 2853065510          0          6]
 ...
 [ 149819904 2853065510          0          6]
 [ 149819904 2853065510          0          6]
 [ 149819904 2853065510          0          6]]
Potential DOS attack Detected with records as follows
[[3280751529 2853065919       1460          6]
 [3280751529 2853065919       1460          6]
 [3280751529 2853065919       1460          6]
 [3280751529 2853065919       1460          6]
 [3280751529 2853065919       1460          6]
 [3280751529 2853065919       1460          6]
 [3280751529 2853065919       1460          6]
 [3280751529 2853065919       1460          6]
 [3280751529 2853065919       1460          6]
 [3280751529 2853065919       1460          6]
 [3280751529 2853065919       1460          6]
 [3280751529 2853065919       1460          6]
 [3280751529 2853065919       1460          6]
 [3280751529 2853065919       1460          6]
 [3280751529 2853065919       1460          6]
 [3287047971 2853065667       1460          6]
 [3280751529 2853066138       1460          6]
 [3288262745 2853066312       1460          6]
 [3289353203 2853066674       1460          6]
 [3280751529 2853065820       1460          6]
 [3280751529 2853065820       1460          6]
 [3280751529 2853065820       1460          6]
 [3280751529 2853065820       1460          6]
 [3280751529 2853065654       1460          6]
 [3280751529 2853065654       1460          6]
 [3280751529 2853065654       1460          6]
 [3280751529 2853065654       1460          6]
 [3280751529 2853065654       1460          6]
 [3280751529 2853065654       1460          6]
 [3280751529 2853065654       1460          6]
 [3280751529 2853065654       1460          6]
 [3280751529 2853065654       1460          6]
 [3280751529 2853065654       1460          6]
 [3280751529 2853065654       1460          6]
 [3280751529 2853065654       1460          6]
 [3280751529 2853065654       1460          6]
 [3280751529 2853066118       1460          6]
 [3280751529 2853066138       1460          6]
 [3280751529 2853065654       1460          6]
 [3280751529 2853065654       1460          6]
 [3280751529 2853066020       1460          6]
 [3287047971 2853066867       1460          6]
 [3280751529 2853065510       1460          6]
 [3280751529 2853065510       1460          6]
 [3280751529 2853065510       1460          6]
 [3280751529 2853065510       1460          6]
 [3280751529 2853066139       1460          6]
 [3280751529 2853066139       1460          6]
 [3280751529 2853066139       1460          6]
 [3280751529 2853066139       1460          6]
 [3280751529 2853066139       1460          6]
 [3280751529 2853066139       1460          6]
 [3280751529 2853066139       1460          6]
 [3280751529 2853065654       1460          6]
 [3280751529 2853065654       1460          6]
 [3280751529 2853065654       1460          6]
 [3280751529 2853065654       1460          6]
 [3288262745 2853066838       1460          6]
 [3280751529 2853065609       1460          6]
 [3280751529 2853065609       1460          6]
 [3280751529 2853065609       1460          6]
 [3280751529 2853065609       1460          6]
 [3280751529 2853065609       1460          6]
 [3280751529 2853065609       1460          6]
 [3280751529 2853065609       1460          6]
 [3280751529 2853065609       1460          6]
 [3280751529 2853065609       1460          6]
 [3280751529 2853065609       1460          6]
 [3280751529 2853065609       1460          6]
 [3280751529 2853065609       1460          6]
 [3280751529 2853065609       1460          6]
 [3280751529 2853065609       1460          6]
 [3280751529 2853065609       1460          6]
 [3280751529 2853065919       1460          6]
 [3280751529 2853065919       1460          6]
 [3280751529 2853065919       1460          6]
 [3280751529 2853065919       1460          6]
 [3280751529 2853065919       1460          6]
 [3280751529 2853065919       1460          6]
 [3280751529 2853065919       1460          6]
 [3280751529 2853065919       1460          6]
 [3280751529 2853065919       1460          6]
 [3280751529 2853065919       1460          6]
 [3280751529 2853065919       1460          6]
 [3280751529 2853065919       1460          6]
 [3280751529 2853065919       1460          6]
 [3280751529 2853065919       1460          6]
 [3280751529 2853065667       1460          6]
 [3280751529 2853065609       1460          6]
 [3280751529 2853065609       1460          6]
 [3280751529 2853065609       1460          6]
 [3280751529 2853065609       1460          6]
 [3280751529 2853065609       1460          6]
 [3280751529 2853065609       1460          6]
 [3280751529 2853065609       1460          6]
 [3280751529 2853065609       1460          6]
 [3280751529 2853065609       1460          6]
 [3280751529 2853065609       1460          6]
 [3280751529 2853065609       1460          6]
 [3280751529 2853065609       1460          6]
 [3280751529 2853065609       1460          6]
 [3280751529 2853065609       1460          6]
 [3280751529 2853065609       1460          6]
 [3280751529 2853065609       1460          6]
 [3278388863 2853065919       1460          6]
 [3278388863 2853066139       1460          6]
 [3290297912 2853066118       1460          6]
 [3290297912 2853066118       1460          6]
 [3280751529 2853066177       1460          6]
 [3280751529 2853066177       1460          6]
 [3280751529 2853066177       1460          6]
 [3280751529 2853066177       1460          6]
 [3280751529 2853066177       1460          6]
 [3280751529 2853066177       1460          6]
 [3280751529 2853066177       1460          6]
 [3280751529 2853066177       1460          6]
 [3280751529 2853066177       1460          6]
 [3280751529 2853066177       1460          6]
 [3280751529 2853066177       1460          6]
 [3280751529 2853066177       1460          6]
 [3280751529 2853066177       1460          6]
 [3280751529 2853066177       1460          6]
 [3280751529 2853066177       1460          6]
 [3280751529 2853066177       1460          6]
 [3280751529 2853066118       1460          6]
 [3280751529 2853066139       1460          6]
 [3280751529 2853066138       1460          6]
 [3283332671 2853066459       1460          6]
 [3287047971 2853066118       1460          6]]
Potential DOS attack Detected with records as follows
[[2239021307 2853066139        708          6]]
Potential DOS attack Detected with records as follows
[[2853066681 2264792113          0          6]
 [2853066674 2264792113          0          6]
 [2853066674 2264792113          0          6]
 [2853066139 2264792113          0          6]
 [2853066139 2264792113          0          6]
 [2853066139 2264792113          0          6]
 [2853066139 2264792113          0          6]
 [2853066139 2264792113          0          6]
 [2853066139 2264792113          0          6]
 [2853066139 2264792113          0          6]
 [2853066846 2264792113          0          6]
 [2853066230 2264792113          0          6]
 [2853066867 2264792113          0          6]
 [2853066867 2264792113          0          6]
 [2853065667 2264792113          0          6]
 [2853066312 2264792113          0          6]
 [2853066118 2264792113          0          6]
 [2853065667 2264792113          0          6]
 [2853065667 2264792113          0          6]
 [2853066118 2264792113          0          6]
 [2853066459 2264792113          0          6]
 [2853066681 2264792113          0          6]
 [2853065609 2264792113          0          6]
 [2853065667 2264792113          0          6]]
Potential DOS attack Detected with records as follows
[[2853065654 3217305318        825          6]]
Potential DOS attack Detected with records as follows
[[3433988500 2853065919        188          6]
 [3435373765 2853065510        192          6]
 [3435373765 2853065510        192          6]]
Potential DOS attack Detected with records as follows
[[2853066681  645073956          0          6]
 [2853066867  641539506          0          6]
 [2853066230  640640597          0          6]
 [2853066312  641539508          0          6]]
Potential DOS attack Detected with records as follows
[[2853065667 2531021635          0          6]
 [2853065667 2531021635          0          6]
 [2853066459 2531021635          0          6]
 [2853066459 2531021635          0          6]
 [2853066838 2531021635          0          6]
 [2853066459 2531021635          0          6]
 [2853066230 2531021635          0          6]
 [2853065654 2531778543          0          6]
 [2853065654 2531778543          0          6]
 [2853065654 2531778543          0          6]
 [2853065654 2531778543          0          6]
 [2853066674 2531021635          0          6]
 [2853066674 2531021635          0          6]
 [2853066674 2531021635          0          6]
 [2853066674 2531021635          0          6]
 [2853065799 2531021635          0          6]
 [2853066674 2531022260          0          6]
 [2853066230 2531021635          0          6]
 [2853066230 2531021635          0          6]
 [2853065799 2531021635          0          6]
 [2853065667 2531021635          0          6]
 [2853065667 2531021635          0          6]
 [2853066118 2510277640          0          6]
 [2853066118 2510277640          0          6]
 [2853066118 2510277640          0          6]
 [2853065667 2516370861          0          6]]
Potential DOS attack Detected with records as follows
[[2662596036 2853066139       1460          6]
 [2662596036 2853066139       1460          6]
 [2662596036 2853066139       1460          6]
 [2662596036 2853066139       1460          6]
 [2662620254 2853066787       1460          6]
 [2662620254 2853066787       1460          6]
 [2703580491 2853066674       1460          6]
 [2703580491 2853066674       1460          6]
 [2703580491 2853066674       1460          6]
 [2703580491 2853066674       1460          6]]
Potential DOS attack Detected with records as follows
[[1031444224 2853066846        838          6]
 [1031444252 2853066838          0          6]
 [1031444246 2853066838          0          6]
 [1031444246 2853066838          0          6]
 [1031444246 2853066838          0          6]
 [1031444246 2853066838          0          6]
 [1031444246 2853066838       1460          6]
 [1031444223 2853065667          0          6]]
Potential DOS attack Detected with records as follows
[[3218606451 2853065510       1460          6]
 [3218606451 2853065510       1460          6]
 [3217305318 2853066139       1460          6]]
Potential DOS attack Detected with records as follows
[[3194548475 3278388863          0          6]
 [3194548475 3264718779         23          6]
 [3194548475 3278388863          0          6]
 [3194548475 3252374708          0          6]
 [3194548475 3264718779         23          6]
 [3194548475 3278388863          0          6]]
Potential DOS attack Detected with records as follows
[[2853066139 3252374708        831          6]]
Potential DOS attack Detected with records as follows
[[2531021635 2853065667          0          6]
 [2531021635 2853065609          0          6]
 [2531021635 2853066230          0          6]
 [2531022305 2853066230          0          6]
 [2531778543 2853065654          0          6]
 [2531778543 2853065654          0          6]
 [2531021635 2853066674        247          6]
 [2531021635 2853066674          0          6]
 [2531021635 2853066674          0          6]
 [2531021635 2853065799        663          6]
 [2531022260 2853066674          0          6]
 [2531021635 2853066230          0          6]
 [2531021635 2853066230          0          6]
 [2531021635 2853066230          0          6]
 [2531021635 2853065799          0          6]
 [2531021635 2853065799          0          6]
 [2531021635 2853065799          0          6]
 [2531021635 2853065799        362          6]
 [2531021635 2853065667          0          6]
 [2531021639 2853065667          0          6]
 [2510277640 2853066118          0          6]
 [2510277640 2853066118          0          6]
 [2516370861 2853065667          0          6]]
Potential DOS attack Detected with records as follows
[[2853065667 2239386221        452          6]]
Potential DOS attack Detected with records as follows
[[2853065667 3287047971          0          6]
 [2853066681 3287047971          0          6]
 [2853066838 3287047971          0          6]
 [2853066674 3289353203          0          6]
 [2853066674 3294012535          0          6]
 [2853066138 3288262745          0          6]
 [2853066674 3291122667          0          6]
 [2853066674 3290297912          0          6]
 [2853066674 3290297912          0          6]
 [2853065799 3286354095          0          6]
 [2853065609 3289353203          0          6]
 [2853066118 3294012535          0          6]
 [2853066118 3291122667          0          6]
 [2853066118 3287047971          0          6]
 [2853066681 3287047971          0          6]]
Potential DOS attack Detected with records as follows
[[2853066846 2741820194          0          6]
 [2853065654 2757518607          0          6]
 [2853065654 2757518607          0          6]
 [2853066846 2741378269        161          6]
 [2853066846 2741378269          0          6]
 [2853066118 2757518607        311          6]]
Potential DOS attack Detected with records as follows
[[2381414724 2853066681       1024          6]
 [2381414724 2853066681       1460          6]
 [2381414724 2853066674       1460          6]
 [2381414724 2853066674          0          6]
 [2381414724 2853066674       1024          6]
 [2381414724 2853066674       1460          6]
 [2381414724 2853066674       1460          6]
 [2381414724 2853066674       1460          6]
 [2381414724 2853066674       1460          6]
 [2381414724 2853066674          0          6]
 [2381951819 2853066867          0          6]
 [2381987936 2853066867        324          6]]
Potential DOS attack Detected with records as follows
[[3387262615 2853065919       1460          6]
 [3390599151 2853066139       1460          6]
 [3390599151 2853066139       1460          6]
 [3387268518 2853065919       1460          6]
 [3387268518 2853065919       1460          6]
 [3395666221 2853065919       1460          6]
 [3395666221 2853065919       1460          6]
 [3387268518 2853066312       1460          6]
 [3395666221 2853066312       1460          6]
 [3387268518 2853066138       1460          6]
 [3387262615 2853066138       1460          6]
 [3387268341 2853066230       1460          6]
 [3392098773 2853066230       1460          6]
 [3387262584 2853066139       1460          6]
 [3387268518 2853066138       1460          6]
 [3387268518 2853066138       1460          6]
 [3392526905 2853066846       1460          6]
 [3387441295 2853065654       1460          6]
 [3395666221 2853066138       1460          6]
 [3381724010 2853066787       1460          6]
 [3392098773 2853066674       1460          6]
 [3381724010 2853066787       1460          6]
 [3388007017 2853066674       1460          6]
 [3397460775 2853066139       1460          6]
 [3399052338 2853066787       1460          6]
 [3387268341 2853066230       1460          6]
 [3386664738 2853066674       1460          6]
 [3387268341 2853066230       1460          6]
 [3395768675 2853066230       1460          6]
 [3392106256 2853065799       1460          6]
 [3392106256 2853065799       1460          6]
 [3392106256 2853065799       1460          6]
 [3398764967 2853066230       1460          6]
 [3387262615 2853066838       1460          6]
 [3387492952 2853066230       1460          6]
 [3390599151 2853065799       1460          6]
 [3396294005 2853066312       1460          6]
 [3392521208 2853065667       1460          6]
 [3392098773 2853066867       1460          6]
 [3392098773 2853066118       1460          6]
 [3390599151 2853066118       1460          6]
 [3386665031 2853065799       1460          6]
 [3397515973 2853066118       1460          6]
 [3393159063 2853066681       1460          6]
 [3386665031 2853065667       1460          6]
 [3386324275 2853066459       1460          6]
 [3386324275 2853066459       1460          6]
 [3384654020 2853066118       1460          6]
 [3384654020 2853066118       1460          6]
 [3386324523 2853066459       1460          6]]
Potential DOS attack Detected with records as follows
[[3457701016 2853065667       1460          6]
 [3457701016 2853066681       1460          6]
 [3457701014 2853066681       1460          6]
 [3457701014 2853066681       1460          6]
 [3457701014 2853066681       1460          6]
 [3457701014 2853066681       1460          6]
 [3457701016 2853066681       1460          6]
 [3457701016 2853066681       1460          6]
 [3458229933 2853065667       1460          6]
 [3458229933 2853065667       1460          6]
 [3458229933 2853065667       1460          6]
 [3457701016 2853066681       1460          6]
 [3457701016 2853066681       1460          6]
 [3457701016 2853066838       1460          6]
 [3457701016 2853066838       1460          6]
 [3459672369 2853066681       1460          6]
 [3459672369 2853066681       1460          6]
 [3459672369 2853066681       1460          6]
 [3459672369 2853066681       1460          6]
 [3459672369 2853066681       1460          6]
 [3459672369 2853066681       1460          6]
 [3457700601 2853066459       1460          6]
 [3457700600 2853066459       1460          6]
 [3457700600 2853066459       1460          6]
 [3457700600 2853066459       1460          6]
 [3457700600 2853066459       1460          6]
 [3457700600 2853066459       1460          6]
 [3457700600 2853066459       1460          6]
 [3457701016 2853066674       1460          6]
 [3457701016 2853066674       1460          6]
 [3457701016 2853066674       1460          6]
 [3457701016 2853066674       1460          6]
 [3457701016 2853065654       1460          6]
 [3457701016 2853065654       1460          6]
 [3458229933 2853066838       1460          6]
 [3458229933 2853066838       1460          6]
 [3458229933 2853066838       1460          6]
 [3463017825 2853066138       1460          6]
 [3450520523 2853066846       1460          6]
 [3450520523 2853066846       1460          6]
 [3450520523 2853066846       1460          6]
 [3447268048 2853066787       1460          6]
 [3457701016 2853066867       1460          6]
 [3457701016 2853065919       1460          6]
 [3457701016 2853065919       1460          6]
 [3457701014 2853066867       1460          6]
 [3458702767 2853066230       1460          6]
 [3458702767 2853066230       1460          6]
 [3458702767 2853066230       1460          6]
 [3457701016 2853066838       1460          6]
 [3457701016 2853066867       1460          6]
 [3463017825 2853066838       1460          6]
 [3457701016 2853066787       1460          6]
 [3457701016 2853066867       1460          6]
 [3457701016 2853066787       1460          6]
 [3457701016 2853066787       1460          6]
 [3457701016 2853066787       1460          6]
 [3457701016 2853066312       1460          6]
 [3457701016 2853066312       1460          6]
 [3457701016 2853066312       1460          6]
 [3457701016 2853066312       1460          6]
 [3457701016 2853065667       1460          6]
 [3457701016 2853065667       1460          6]
 [3457701016 2853065667       1460          6]
 [3461507573 2853065609       1460          6]
 [3457701016 2853066118       1460          6]
 [3457701016 2853066118       1460          6]
 [3462609679 2853065609       1460          6]
 [3457701016 2853066118       1460          6]
 [3457701016 2853066118       1460          6]
 [3462609679 2853065609       1460          6]
 [3457700600 2853065799       1460          6]
 [3457700600 2853065799       1460          6]
 [3457700600 2853065799       1460          6]
 [3457701663 2853066118       1460          6]
 [3449137493 2853066867       1460          6]
 [3449137493 2853066867       1460          6]
 [3447103562 2853066674       1460          6]
 [3457701016 2853065820       1460          6]
 [3457701016 2853065820       1412          6]
 [3447101832 2853066118       1460          6]
 [3457701016 2853065667       1460          6]
 [3457701016 2853065667       1460          6]
 [3457701016 2853065667       1460          6]
 [3457701016 2853066846       1460          6]
 [3463017825 2853065667       1460          6]
 [3459672369 2853066846       1460          6]
 [3459672369 2853066846       1460          6]
 [3459672369 2853066846       1460          6]
 [3459672369 2853066846       1460          6]
 [3457701016 2853066681       1460          6]
 [3457701014 2853066681       1460          6]]
Potential DOS attack Detected with records as follows
[[2853066838 1031444252        227          6]
 [2853066838 1031444246          0          6]
 [2853066838 1031444246          0          6]
 [2853065799 1031444223          0          6]]
Potential DOS attack Detected with records as follows
[[2853066681 2172605375          0          6]
 [2853066787 2177622511          0          6]
 [2853066787 2177622514          0          6]
 [2853066787 2177622514          0          6]
 [2853066787 2177622511          0          6]
 [2853066139 2177622511          0          6]
 [2853066230 2178690774          0          6]
 [2853066230 2178690774          0          6]
 [2853066230 2178690774          0          6]
 [2853066230 2178690774          0          6]
 [2853066230 2178690774          0          6]
 [2853066230 2178690774          0          6]
 [2853066230 2178690774          0          6]
 [2853066230 2178690774          0          6]
 [2853066230 2178690774          0          6]
 [2853066230 2178690774          0          6]
 [2853066230 2178690774          0          6]
 [2853066230 2178690774          0          6]
 [2853066230 2178690774          0          6]
 [2853066230 2178690774          0          6]
 [2853066230 2178690774          0          6]
 [2853066230 2178690774          0          6]
 [2853066838 2204295282          0          6]
 [2853065609 2177622511          0          6]
 [2853066312 2177622511          0          6]
 [2853066312 2177622511          0          6]
 [2853066312 2177622511          0          6]
 [2853066312 2177622511          0          6]
 [2853066312 2190367405          0          6]
 [2853066681 2177622511          0          6]
 [2853066681 2177622511          0          6]
 [2853066312 2177622514          0          6]
 [2853066312 2177622514          0          6]
 [2853065820 2190367405          0          6]
 [2853065820 2190367405          0          6]
 [2853066681 2177622511          0          6]
 [2853066312 2177622514          0          6]
 [2853066681 2177622511          0          6]
 [2853066312 2177622514          0          6]
 [2853065820 2190367405          0          6]
 [2853066681 2177622511          0          6]
 [2853066681 2190367405          0          6]
 [2853065820 2177622511          0          6]
 [2853066312 2191830321          0          6]
 [2853066312 2191830321          0          6]
 [2853066681 2177622514          0          6]
 [2853065667 2177622511          0          6]
 [2853066118 2177622511          0          6]
 [2853065667 2177622511          0          6]]
Potential DOS attack Detected with records as follows
[[2192830348 2853066139          0          6]
 [2180027995 2853066139          0          6]
 [2177622514 2853066787          0          6]
 [2178690774 2853066230          0          6]
 [2178690774 2853066230          0          6]
 [2178690774 2853066230          0          6]
 [2178690774 2853066230          0          6]
 [2178690774 2853066230          0          6]
 [2204295409 2853066838          0          6]
 [2177622511 2853066867          0          6]
 [2177622511 2853065799          0          6]
 [2177622511 2853066312          0          6]
 [2177622511 2853066312          0          6]
 [2177622511 2853066312          0          6]
 [2177622511 2853066312          0          6]
 [2177622511 2853066312          0          6]
 [2190367405 2853066312          0          6]
 [2190367405 2853066312          0          6]
 [2177622511 2853066681          0          6]
 [2177622511 2853066681          0          6]
 [2190367405 2853066681          0          6]
 [2190367405 2853066681          0          6]
 [2177622514 2853066312          0          6]
 [2177622514 2853066312          0          6]
 [2177622514 2853066312          0          6]
 [2177622514 2853066681          0          6]
 [2177622514 2853066681          0          6]
 [2177622511 2853065667          0          6]
 [2177622511 2853066118          0          6]
 [2177622511 2853065667          0          6]
 [2177622511 2853065667          0          6]]
Potential DOS attack Detected with records as follows
[[2853065667 3457701016          0          6]
 [2853066681 3457701016          0          6]
 [2853066681 3457701014          0          6]
 [2853066681 3457701014          0          6]
 [2853066681 3457701016          0          6]
 [2853066681 3457701016          0          6]
 [2853066681 3457701016          0          6]
 [2853066681 3457701016          0          6]
 [2853065667 3458229933          0          6]
 [2853065667 3458229933          0          6]
 [2853065667 3458229933          0          6]
 [2853065667 3458229933          0          6]
 [2853066846 3457701016          0          6]
 [2853066846 3457701016          0          6]
 [2853066681 3459672369          0          6]
 [2853066459 3457700600          0          6]
 [2853066459 3457700600          0          6]
 [2853066459 3457700600          0          6]
 [2853066459 3457700600          0          6]
 [2853066459 3457700600          0          6]
 [2853066459 3457700600          0          6]
 [2853066459 3457700600          0          6]
 [2853066459 3457700600          0          6]
 [2853066459 3457700600          0          6]
 [2853066459 3457700600          0          6]
 [2853066459 3457700600          0          6]
 [2853066459 3457700600          0          6]
 [2853066459 3457700600          0          6]
 [2853066459 3457700600          0          6]
 [2853066459 3457700600          0          6]
 [2853066674 3457701016          0          6]
 [2853065609 3457701016          0          6]
 [2853065609 3457701016          0          6]
 [2853066139 3457701016          0          6]
 [2853066674 3457701016          0          6]
 [2853065654 3457701016          0          6]
 [2853065654 3457701016          0          6]
 [2853066838 3458229933          0          6]
 [2853066787 3447268048          0          6]
 [2853066787 3447268048          0          6]
 [2853066674 3449539569          0          6]
 [2853066674 3449539646          0          6]
 [2853066138 3457585585          0          6]
 [2853066674 3457701016          0          6]
 [2853066674 3457701016          0          6]
 [2853066674 3457701016          0          6]
 [2853066867 3457701016          0          6]
 [2853066867 3457701016          0          6]
 [2853066867 3457701016          0          6]
 [2853065919 3457701016          0          6]
 [2853065919 3457701016          0          6]
 [2853066867 3457701016          0          6]
 [2853066867 3457701014          0          6]
 [2853066867 3457701014          0          6]
 [2853066867 3457701014          0          6]
 [2853066867 3457701014          0          6]
 [2853066867 3457701016          0          6]
 [2853066230 3458702767          0          6]
 [2853066230 3458702767          0          6]
 [2853066838 3457701016          0          6]
 [2853066838 3457701016          0          6]
 [2853066838 3457701016          0          6]
 [2853066838 3457701016          0          6]
 [2853065799 3447101875          0          6]
 [2853066867 3457701016          0          6]
 [2853066787 3457701016          0          6]
 [2853066867 3457701016          0          6]
 [2853066867 3457701016          0          6]
 [2853066867 3457701016          0          6]
 [2853066787 3457701016          0          6]
 [2853066787 3457701016          0          6]
 [2853066787 3457701016          0          6]
 [2853066787 3457701016          0          6]
 [2853066787 3457701016          0          6]
 [2853066312 3457701016          0          6]
 [2853066838 3447784142          0          6]
 [2853066312 3457701016          0          6]
 [2853066312 3457701016          0          6]
 [2853065667 3457701016          0          6]
 [2853065667 3457701016          0          6]
 [2853065667 3457701016          0          6]
 [2853065667 3457701016          0          6]
 [2853066118 3457701016          0          6]
 [2853065799 3457700601          0          6]
 [2853065799 3457700601          0          6]
 [2853065799 3457700601          0          6]
 [2853065799 3457700600          0          6]
 [2853065799 3457700600          0          6]
 [2853065799 3457700600          0          6]
 [2853065799 3457700600          0          6]
 [2853065799 3457700600          0          6]
 [2853065799 3457700600          0          6]
 [2853065799 3457700600          0          6]
 [2853065799 3457700600          0          6]
 [2853065799 3457700600          0          6]
 [2853065799 3457700600          0          6]
 [2853065799 3457700600          0          6]
 [2853065799 3457700600          0          6]
 [2853065799 3457700600          0          6]
 [2853065799 3457700600          0          6]
 [2853065799 3457700600          0          6]
 [2853065799 3457700600          0          6]
 [2853065799 3457700600          0          6]
 [2853065799 3457700600          0          6]
 [2853065799 3457700600          0          6]
 [2853065799 3457700600          0          6]
 [2853066867 3446368374          0          6]
 [2853066867 3446368374          0          6]
 [2853066867 3446368374          0          6]
 [2853066867 3446368374          0          6]
 [2853066867 3446368374          0          6]
 [2853066867 3446368374          0          6]
 [2853066867 3458507441          0          6]
 [2853066674 3447103562          0          6]
 [2853066674 3447103562          0          6]
 [2853065820 3457701016          0          6]
 [2853065820 3457701016          0          6]
 [2853065820 3457701016          0          6]
 [2853065820 3457701016          0          6]
 [2853065667 3457701016          0          6]
 [2853065667 3457701016          0          6]
 [2853066846 3457701016          0          6]
 [2853066846 3457701016          0          6]
 [2853066846 3457701016          0          6]
 [2853066846 3459672369          0          6]
 [2853066846 3459672369          0          6]
 [2853066846 3459672369          0          6]
 [2853066846 3459672369          0          6]
 [2853066681 3457701016          0          6]
 [2853066681 3457701014          0          6]
 [2853066681 3457701014          0          6]
 [2853066681 3457701016          0          6]
 [2853066681 3457701016          0          6]
 [2853066681 3457701016          0          6]]
Potential DOS attack Detected with records as follows
[[2853066674 2381414724          0          6]
 [2853066867 2381951819          0          6]
 [2853066867 2381951819        224          6]
 [2853066867 2381987936          0          6]]
Potential DOS attack Detected with records as follows
[[2853065667 3414965157          0          6]
 [2853066459 3408156307          0          6]
 [2853066459 3408156307          0          6]
 [2853066459 3408156307          0          6]
 [2853065667 3417412120          0          6]
 [2853066459 3408156307          0          6]
 [2853066459 3410980025          0          6]
 [2853066459 3410980025          0          6]
 [2853066459 3410980025          0          6]
 [2853066459 3410980025          0          6]
 [2853065667 3423185639          0          6]
 [2853066459 3418608364          0          6]
 [2853066459 3418608364          0          6]
 [2853066459 3422263460          0          6]
 [2853066139 3410980025          0          6]
 [2853066139 3410980025          0          6]
 [2853066459 3422263460          0          6]
 [2853066681 3416765721          0          6]
 [2853066867 3410980025          0          6]
 [2853066867 3410980025          0          6]
 [2853066867 3410980002          0          6]
 [2853066867 3410980091          0          6]
 [2853066867 3410980002          0          6]
 [2853066846 3422263460          0          6]
 [2853066681 3413246663          0          6]
 [2853066681 3413246663          0          6]
 [2853066681 3413246663          0          6]
 [2853066681 3413246663          0          6]
 [2853066681 3413246663          0          6]
 [2853065609 3408156307          0          6]
 [2853066846 3422263460          0          6]
 [2853066846 3422263460          0          6]
 [2853065609 3408156307          0          6]
 [2853065609 3408156307          0          6]
 [2853066846 3422263460          0          6]
 [2853066838 3414965157          0          6]
 [2853066838 3414965157          0          6]
 [2853066838 3414965157          0          6]
 [2853066230 3409074871          0          6]
 [2853066674 3407698386          0          6]
 [2853066674 3407698386          0          6]
 [2853066674 3410980025          0          6]
 [2853066674 3410980006          0          6]
 [2853066867 3410901763          0          6]
 [2853065799 3408156307          0          6]
 [2853065799 3408156307          0          6]
 [2853065799 3408156307          0          6]
 [2853066838 3413268931          0          6]
 [2853066838 3413269081          0          6]
 [2853066838 3413269081          0          6]
 [2853066787 3411225591          0          6]
 [2853065799 3410980006          0          6]
 [2853066787 3411225591          0          6]
 [2853065799 3410980025          0          6]
 [2853065799 3410980025          0          6]
 [2853065799 3410980074          0          6]
 [2853065799 3410980025          0          6]
 [2853066838 3410170375          0          6]
 [2853066838 3410170375          0          6]
 [2853065799 3422263460          0          6]
 [2853065799 3422263460          0          6]
 [2853065799 3422263460          0          6]
 [2853065799 3422263460          0          6]
 [2853065799 3422263460          0          6]
 [2853066838 3415852816          0          6]
 [2853066312 3418020320          0          6]
 [2853066524 3410980027          0          6]
 [2853066312 3418020320          0          6]
 [2853066312 3408212454          0          6]
 [2853066312 3408212454          0          6]
 [2853066312 3408212454          0          6]
 [2853066312 3408212454          0          6]
 [2853065609 3408753367          0          6]
 [2853066312 3410980030          0          6]
 [2853065609 3418429666          0          6]
 [2853066674 3410980025          0          6]
 [2853066118 3407698386          0          6]
 [2853066118 3407698386          0          6]
 [2853066118 3407698386          0          6]
 [2853066118 3407698386          0          6]
 [2853066118 3407698386          0          6]
 [2853066118 3417496765          0          6]
 [2853065609 3407744777          0          6]
 [2853065799 3410980025          0          6]
 [2853065799 3410980025          0          6]
 [2853065799 3410980025          0          6]
 [2853065799 3410980027          0          6]
 [2853065799 3410980025          0          6]
 [2853065799 3410980027          0          6]
 [2853065799 3410980025          0          6]
 [2853065799 3410980028          0          6]
 [2853065799 3410980026          0          6]
 [2853065799 3410980026          0          6]
 [2853065799 3410980027          0          6]
 [2853065799 3410980025          0          6]
 [2853065799 3410980025          0          6]
 [2853065799 3410980025          0          6]
 [2853065799 3410980025          0          6]
 [2853065799 3410980025          0          6]
 [2853065799 3410980025          0          6]
 [2853065799 3410980074          0          6]
 [2853065799 3410980025          0          6]
 [2853065799 3410980025          0          6]
 [2853066118 3422024390          0          6]
 [2853065667 3410980074          0          6]
 [2853065667 3410980025          0          6]
 [2853065667 3410980027          0          6]
 [2853065667 3410980026          0          6]
 [2853065667 3410980025          0          6]
 [2853065667 3410980026          0          6]
 [2853065667 3410980027          0          6]
 [2853065667 3410980025          0          6]
 [2853065667 3410980025          0          6]
 [2853065667 3410980025          0          6]
 [2853065667 3410980025          0          6]
 [2853065667 3410980025          0          6]
 [2853066846 3416765721          0          6]
 [2853066846 3413246663          0          6]
 [2853066846 3413246663          0          6]
 [2853066846 3413246663          0          6]
 [2853066846 3413246663          0          6]
 [2853066846 3413246663          0          6]
 [2853066846 3413246663          0          6]
 [2853066846 3413246663          0          6]
 [2853066846 3413246663          0          6]
 [2853065609 3410980025          0          6]
 [2853065609 3410980006          0          6]
 [2853065609 3410980025          0          6]
 [2853065609 3410980025          0          6]
 [2853065609 3416765797          0          6]
 [2853065667 3418408390          0          6]
 [2853065667 3418408390          0          6]
 [2853065667 3417496765          0          6]]
Potential DOS attack Detected with records as follows
[[ 641628486 2853065667       1460          6]]
Potential DOS attack Detected with records as follows
[[2332816275 2853065919          0          6]
 [2327246534 2853066139          0          6]
 [2332816275 2853066138          0          6]
 [2332816275 2853066138          0          6]
 [2332816275 2853066838          0          6]
 [2333690643 2853066867          0          6]
 [2333690643 2853066867          0          6]
 [2336608766 2853066118          0          6]
 [2336608766 2853066118          0          6]
 [2336608766 2853066118          0          6]
 [2336608766 2853066118          0          6]
 [2336608766 2853066118          0          6]
 [2336608766 2853066118          0          6]
 [2336608766 2853066118        581          6]
 [2336608766 2853066118          0          6]]
Potential DOS attack Detected with records as follows
[[2264792113 2853066674       1460          6]
 [2264792113 2853066139       1460          6]
 [2264792113 2853066139       1460          6]
 [2264792113 2853066139       1460          6]
 [2264792113 2853066139       1460          6]
 [2264792113 2853066230       1460          6]
 [2264792113 2853066230       1460          6]
 [2272264454 2853066139       1460          6]
 [2273213646 2853066312       1460          6]
 [2264792113 2853066177       1460          6]
 [2264792113 2853066674       1460          6]
 [2264792113 2853066674       1460          6]
 [2264792113 2853066674       1460          6]
 [2264792113 2853066674       1460          6]
 [2264792113 2853066118       1460          6]
 [2264792113 2853066681       1460          6]
 [2264792113 2853065609       1460          6]
 [2264792113 2853065667       1460          6]
 [2264792113 2853065667       1460          6]
 [2264792113 2853065667       1460          6]
 [2264792113 2853065667       1460          6]
 [2264792113 2853065667       1460          6]
 [2264792113 2853065667       1460          6]
 [2264792113 2853065667       1460          6]
 [2264792113 2853065667       1460          6]
 [2264792113 2853065667       1460          6]]
Potential DOS attack Detected with records as follows
[[3238153505 2853065667       1024          6]
 [3240901698 2853066177       1024          6]
 [3246265772 2853066312       1024          6]]
Potential DOS attack Detected with records as follows
[[2853065667 3398907772          0          6]
 [2853066459 3392106256          0          6]
 [2853065919 3387268518          0          6]
 [2853065919 3387268341          0          6]
 [2853065919 3387268341          0          6]
 [2853066139 3390599151          0          6]
 [2853066139 3390599151          0          6]
 [2853065919 3387262584          0          6]
 [2853066139 3390599151          0          6]
 [2853065919 3387268518          0          6]
 [2853066312 3387268518          0          6]
 [2853065919 3387268518          0          6]
 [2853065919 3387268518          0          6]
 [2853066312 3387268518          0          6]
 [2853066312 3387268341          0          6]
 [2853066312 3387262569          0          6]
 [2853066312 3387268518          0          6]
 [2853066312 3387268518          0          6]
 [2853066312 3387268518          0          6]
 [2853065609 3392106256          0          6]
 [2853065609 3392106256          0          6]
 [2853065609 3392106256          0          6]
 [2853066867 3387268518          0          6]
 [2853066138 3387268341          0          6]
 [2853066230 3392098773          0          6]
 [2853066138 3387268518          0          6]
 [2853066138 3387262584          0          6]
 [2853066138 3387268518          0          6]
 [2853066674 3387268518          0          6]
 [2853066138 3395666221          0          6]
 [2853066787 3381724010          0          6]
 [2853066674 3392098773          0          6]
 [2853066787 3381724010          0          6]
 [2853066787 3381724010          0          6]
 [2853066674 3388007017          0          6]
 [2853066787 3381724010          0          6]
 [2853066787 3381724010          0          6]
 [2853066139 3397460775          0          6]
 [2853066787 3381724010          0          6]
 [2853066787 3381724010          0          6]
 [2853066787 3399052338          0          6]
 [2853066230 3394222180          0          6]
 [2853066230 3394222180          0          6]
 [2853066230 3394222180          0          6]
 [2853066674 3386664738          0          6]
 [2853066230 3387268341          0          6]
 [2853066230 3395768675          0          6]
 [2853066230 3395768675          0          6]
 [2853065799 3392106256          0          6]
 [2853065799 3392106256          0          6]
 [2853065799 3392106256          0          6]
 [2853066230 3398764967          0          6]
 [2853066838 3387268341          0          6]
 [2853066838 3387262615          0          6]
 [2853066838 3387262569          0          6]
 [2853066838 3387268518          0          6]
 [2853066838 3387262584          0          6]
 [2853066838 3387268395          0          6]
 [2853066838 3387268518          0          6]
 [2853066838 3387268518          0          6]
 [2853066524 3387268518          0          6]
 [2853066524 3387268518          0          6]
 [2853065799 3387268341          0          6]
 [2853066312 3387268518          0          6]
 [2853066312 3396294005          0          6]
 [2853065667 3392521208          0          6]
 [2853066867 3392098773          0          6]
 [2853066118 3395770460          0          6]
 [2853066118 3395770460          0          6]
 [2853066118 3395770460          0          6]
 [2853066118 3395768685          0          6]
 [2853066118 3387268341          0          6]
 [2853066118 3387268341          0          6]
 [2853066118 3387268518          0          6]
 [2853066118 3388007017          0          6]
 [2853065609 3387268518          0          6]
 [2853066674 3387262584          0          6]
 [2853066118 3387279027          0          6]
 [2853065820 3390599151          0          6]
 [2853065820 3387268341          0          6]
 [2853066312 3393159063          0          6]
 [2853066312 3393159063          0          6]
 [2853065820 3388540472          0          6]
 [2853065820 3384869843          0          6]
 [2853066118 3393155086          0          6]
 [2853066118 3393155086          0          6]
 [2853066118 3384654020          0          6]
 [2853066459 3386324275          0          6]
 [2853066459 3386324275          0          6]
 [2853066118 3384654020          0          6]
 [2853066118 3384654020          0          6]
 [2853066118 3384654020          0          6]]
Potential DOS attack Detected with records as follows
[[3367411937 2853066838          0          6]
 [3367343087 2853066867          0          6]
 [3354053762 2853066312        310          6]
 [3354053762 2853066312          0          6]
 [3354053762 2853066312          0          6]
 [3354053762 2853066312          0          6]
 [3354053762 2853066312          0          6]
 [3354053762 2853066312          0          6]
 [3354053762 2853066681          0          6]
 [3354053762 2853066681          0          6]
 [3354053762 2853066681          0          6]
 [3354053762 2853066681          0          6]]
Potential DOS attack Detected with records as follows
[[2853066846 3475586585          0          6]
 [2853066846 3475586585          0          6]
 [2853066230 3479691451          0          6]
 [2853066230 3479691451          0          6]
 [2853066230 3479691451          0          6]
 [2853066230 3479691451          0          6]
 [2853066230 3475984431          0          6]
 [2853066230 3478383116          0          6]
 [2853066230 3478383116          0          6]
 [2853066230 3478383116          0          6]
 [2853066230 3478383116          0          6]
 [2853066230 3478383116          0          6]
 [2853066230 3478383116          0          6]
 [2853066230 3475298165          0          6]
 [2853066230 3475298165          0          6]
 [2853066230 3475298165          0          6]
 [2853066312 3476988498          0          6]
 [2853066674 3477568385          0          6]
 [2853065820 3478141433          0          6]
 [2853066312 3493379265          0          6]
 [2853066312 3493379265          0          6]
 [2853066312 3493379265          0          6]
 [2853066312 3493379265          0          6]
 [2853066312 3493379265          0          6]
 [2853066681 3493379265          0          6]
 [2853066681 3493379265          0          6]
 [2853065667 3476988498          0          6]
 [2853065667 3476988498          0          6]]
Potential DOS attack Detected with records as follows
[[3305889960 2853065667          0          6]
 [3305889960 2853066312          0          6]
 [3305889960 2853066312          0          6]
 [3311688692 2853066459          0          6]
 [3305889960 2853066867          0          6]
 [3305889960 2853066867          0          6]
 [3305889960 2853066867          0          6]
 [3305889960 2853066139          0          6]
 [3305889960 2853066838          0          6]
 [3305889960 2853066138          0          6]
 [3305889960 2853066138          0          6]
 [3305889960 2853066674          0          6]
 [3305889960 2853066674          0          6]
 [3305889960 2853066674          0          6]
 [3305889960 2853066674          0          6]
 [3305889960 2853066674          0          6]
 [3305889960 2853065654          0          6]
 [3305889960 2853065654          0          6]
 [3311507251 2853066787          0          6]
 [3305889960 2853066674          0          6]
 [3302018610 2853066846          0          6]
 [3302018610 2853066846          0          6]
 [3305889960 2853066674          0          6]
 [3305889965 2853066674          0          6]
 [3302018610 2853066846          0          6]
 [3302018610 2853066846          0          6]
 [3305889960 2853066674          0          6]
 [3305889960 2853066674          0          6]
 [3305889960 2853066674          0          6]
 [3305889960 2853066674          0          6]
 [3306025979 2853066846          0          6]
 [3303653551 2853066846          0          6]
 [3305889960 2853066838          0          6]
 [3305889960 2853065609          0          6]
 [3305889836 2853065667          0          6]
 [3305889960 2853066846          0          6]
 [3305889960 2853066846          0          6]
 [3305889960 2853066846          0          6]
 [3305889962 2853066118          0          6]
 [3305889960 2853066118          0          6]
 [3305889960 2853066118          0          6]
 [3305889960 2853066118          0          6]
 [3305889960 2853066118          0          6]
 [3305889960 2853066118          0          6]
 [3305889960 2853066118          0          6]
 [3305889960 2853066118          0          6]
 [3305889960 2853066118          0          6]
 [3305889960 2853066118          0          6]
 [3305889960 2853066118          0          6]
 [3305889960 2853066118          0          6]
 [3305889960 2853066118          0          6]
 [3305889960 2853066118          0          6]
 [3302018630 2853065667          0          6]
 [3302018630 2853065667          0          6]
 [3310914669 2853066118          0          6]
 [3302018610 2853066867          0          6]
 [3296156274 2853065799          0          6]
 [3296156274 2853065799          0          6]
 [3296156274 2853065799          0          6]
 [3305889960 2853066312          0          6]
 [3305889836 2853065820          0          6]
 [3305889960 2853065667          0          6]
 [3305889960 2853065667          0          6]
 [3305295350 2853065820          0          6]
 [3296156274 2853065667          0          6]
 [3296156274 2853065667          0          6]
 [3305889960 2853066459          0          6]
 [3305889960 2853066459          0          6]
 [3305889960 2853066118          0          6]
 [3306548129 2853066459          0          6]
 [3306548129 2853066459          0          6]
 [3306548131 2853066459          0          6]
 [3305889960 2853065799          0          6]
 [3305889960 2853065799          0          6]
 [3305889960 2853065799          0          6]
 [3305889960 2853065799          0          6]
 [3305889960 2853065799          0          6]
 [3305889960 2853066118          0          6]
 [3305889960 2853066681          0          6]
 [3305889960 2853066681          0          6]
 [3306445835 2853066118          0          6]]
Potential DOS attack Detected with records as follows
[[3197634986 2853065919       1460          6]
 [3184215461 2853066139       1460          6]
 [3188677090 2853066838       1460          6]
 [3197641465 2853066139       1460          6]
 [3198263808 2853065609       1460          6]
 [3198263808 2853065609       1460          6]
 [3198263808 2853065609       1460          6]
 [3184215461 2853066230       1460          6]
 [3197634986 2853066138       1460          6]
 [3193445612 2853066674       1460          6]
 [3193445612 2853066674       1460          6]
 [3190433817 2853066312       1460          6]
 [3190433817 2853066312       1460          6]
 [3184215461 2853066674       1460          6]
 [3184215461 2853066674       1460          6]
 [3190433817 2853065667       1460          6]
 [3190433817 2853065667       1460          6]
 [3197623533 2853066118       1460          6]
 [3184215461 2853065609       1275          6]]
Potential DOS attack Detected with records as follows
[[3264718779 3194548475         40          6]
 [3278388863 3194548475          0          6]
 [3264718779 3194548475         87          6]]
Potential DOS attack Detected with records as follows
[[2757518607 2853065654        929          6]
 [2757518607 2853065654       1460          6]
 [2757518607 2853065654          0          6]
 [2769617291 2853065667        597          6]]
Potential DOS attack Detected with records as follows
[[2853066459 3305924141          0          6]
 [2853066681 3305889960          0          6]
 [2853066681 3305889960          0          6]
 [2853065667 3306445835          0          6]
 [2853065667 3305889960          0          6]
 [2853065667 3305889960          0          6]
 [2853066459 3302658781          0          6]
 [2853066459 3302658781          0          6]
 [2853065919 3305889960          0          6]
 [2853065919 3305889960          0          6]
 [2853066139 3305924141          0          6]
 [2853066867 3305924141          0          6]
 [2853065609 3302658781          0          6]
 [2853065609 3302658781          0          6]
 [2853066867 3305889960          0          6]
 [2853066867 3305889960          0          6]
 [2853066867 3305889960          0          6]
 [2853066867 3305889960          0          6]
 [2853066867 3305889960          0          6]
 [2853066867 3305889960          0          6]
 [2853066867 3305889960          0          6]
 [2853066867 3305889961          0          6]
 [2853066139 3305889960          0          6]
 [2853066838 3305889960          0          6]
 [2853066138 3305889960          0          6]
 [2853066674 3305889960          0          6]
 [2853066674 3305889962          0          6]
 [2853066674 3305889960          0          6]
 [2853066674 3305889960          0          6]
 [2853066846 3302598249          0          6]
 [2853066674 3305889960          0          6]
 [2853065654 3305889960          0          6]
 [2853065654 3305889960          0          6]
 [2853065654 3305889960          0          6]
 [2853066674 3305889960          0          6]
 [2853066674 3305889960          0          6]
 [2853066674 3305889960          0          6]
 [2853066674 3305889960          0          6]
 [2853066674 3305889960          0          6]
 [2853066674 3305889960          0          6]
 [2853066674 3305889960          0          6]
 [2853066674 3305889960          0          6]
 [2853066674 3305889960          0          6]
 [2853066674 3305889960          0          6]
 [2853066674 3305889960          0          6]
 [2853066846 3302018615          0          6]
 [2853066674 3305889960          0          6]
 [2853066674 3305889960          0          6]
 [2853066846 3306025979          0          6]
 [2853066846 3306025979          0          6]
 [2853066846 3303653551          0          6]
 [2853066846 3311706307          0          6]
 [2853066230 3306234634          0          6]
 [2853066230 3306234634          0          6]
 [2853066230 3306234634          0          6]
 [2853066230 3306234634          0          6]
 [2853066867 3305889960          0          6]
 [2853066867 3305889960          0          6]
 [2853066838 3305889960          0          6]
 [2853066838 3305889960          0          6]
 [2853066838 3305889960          0          6]
 [2853066838 3305889960          0          6]
 [2853066838 3305889960          0          6]
 [2853066838 3305924141          0          6]
 [2853066787 3305924141          0          6]
 [2853066838 3314155450          0          6]
 [2853066838 3314155450          0          6]
 [2853066838 3314155450          0          6]
 [2853066312 3305889960          0          6]
 [2853066312 3305889960          0          6]
 [2853066312 3305889960          0          6]
 [2853066312 3305889960          0          6]
 [2853066312 3305889960          0          6]
 [2853065667 3305889836          0          6]
 [2853066846 3305889960          0          6]
 [2853066846 3305889960          0          6]
 [2853066846 3305889960          0          6]
 [2853066846 3305889960          0          6]
 [2853066118 3305889960          0          6]
 [2853066118 3305889960          0          6]
 [2853066118 3305889960          0          6]
 [2853066118 3305889960          0          6]
 [2853066118 3305889960          0          6]
 [2853066118 3305889960          0          6]
 [2853066118 3305889960          0          6]
 [2853066118 3305889960          0          6]
 [2853066118 3305889960          0          6]
 [2853066118 3305889960          0          6]
 [2853066118 3305889960          0          6]
 [2853066118 3305889960          0          6]
 [2853066118 3305889960          0          6]
 [2853066118 3305889960          0          6]
 [2853066118 3305889960          0          6]
 [2853066118 3305889960          0          6]
 [2853066118 3305889960          0          6]
 [2853066118 3305889960          0          6]
 [2853066118 3305889960          0          6]
 [2853065667 3302018630          0          6]
 [2853065667 3314175305          0          6]
 [2853065667 3314175305          0          6]
 [2853066867 3302018633          0          6]
 [2853066867 3302018610          0          6]
 [2853066867 3302018610          0          6]
 [2853066118 3305889960          0          6]
 [2853066118 3305889960          0          6]
 [2853066118 3305889960          0          6]
 [2853066312 3305889960          0          6]
 [2853066118 3310914669          0          6]
 [2853065667 3305889960          0          6]
 [2853065820 3305295350          0          6]
 [2853065820 3305295350          0          6]
 [2853066459 3305889960          0          6]
 [2853066459 3305889960          0          6]
 [2853066118 3305889960          0          6]
 [2853066459 3306548129          0          6]
 [2853066459 3306548131          0          6]
 [2853065799 3305889960          0          6]
 [2853065799 3305889960          0          6]
 [2853065799 3305889960          0          6]
 [2853066118 3305889960          0          6]
 [2853066118 3306445835          0          6]
 [2853066118 3306445835          0          6]
 [2853066118 3305924141          0          6]
 [2853065609 3310914669          0          6]
 [2853065667 3305889960          0          6]
 [2853065667 3305889960          0          6]]
Potential DOS attack Detected with records as follows
[[2853066230 2142125728          0          6]
 [2853066230 2142125728          0          6]
 [2853066230 2142125728          0          6]
 [2853066230 2142125728          0          6]
 [2853066524 2142125728          0          6]
 [2853066139 2138857141          0          6]
 [2853066139 2138857141          0          6]
 [2853066139 2138857141          0          6]
 [2853066139 2138857141          0          6]
 [2853066867 2137478599          0          6]
 [2853065919 2138857141          0          6]
 [2853065919 2138857141          0          6]
 [2853066118 2139975324          0          6]
 [2853066312 2122809468          0          6]
 [2853066681 2122809468          0          6]
 [2853065667 2155083288          0          6]]
Potential DOS attack Detected with records as follows
[[2853066230 2645672629          0          6]
 [2853066139 2662596036          0          6]
 [2853066139 2662596036          0          6]
 [2853066139 2662596036          0          6]
 [2853066139 2662596036          0          6]
 [2853066139 2662596036          0          6]
 [2853066139 2662596036        230          6]
 [2853066139 2662596036          0          6]
 [2853065609 2692292121          0          6]
 [2853066867 2645113728          0          6]
 [2853066118 2692292121          0          6]
 [2853066118 2692292121          0          6]
 [2853066674 2703580491          0          6]]
Potential DOS attack Detected with records as follows
[[2287601309 2853066681          0          6]
 [2287601309 2853066681          0          6]
 [2287601309 2853066681          0          6]
 [2287601309 2853066674          0          6]
 [2281755522 2853066459          0          6]
 [2287601309 2853065667          0          6]
 [2287601309 2853065667          0          6]
 [2297801225 2853066230          0          6]
 [2287601309 2853066867          0          6]
 [2287601309 2853066867          0          6]
 [2287601309 2853066177          0          6]
 [2287601309 2853065667          0          6]
 [2287601309 2853065667          0          6]
 [2287601309 2853066846          0          6]
 [2287601309 2853065667          0          6]
 [2287601309 2853066846          0          6]
 [2287601309 2853066230          0          6]
 [2287601309 2853066230          0          6]
 [2287601309 2853066230          0          6]
 [2287601309 2853066230          0          6]
 [2287601309 2853066230          0          6]
 [2287601309 2853066230          0          6]
 [2287601309 2853066230          0          6]
 [2287601309 2853066230          0          6]
 [2287601309 2853065609          0          6]
 [2287601309 2853065609          0          6]
 [2287601309 2853066118          0          6]
 [2287601309 2853065820          0          6]
 [2287601309 2853065820          0          6]
 [2287383220 2853066459          0          6]
 [2287383220 2853066459          0          6]
 [2287601309 2853065799          0          6]
 [2287601309 2853065799          0          6]
 [2287601309 2853066681          0          6]
 [2287601309 2853065609          0          6]]
Potential DOS attack Detected with records as follows
[[3194548475 3218606451         72          6]
 [3194548475 3218606451          0          6]
 [3217305318 3194548475         38          6]
 [3194548475 3217305318          0          6]
 [3194548475 3217305318          0          6]
 [3194548475 3218606451          0          6]
 [3218606451 3194548475         22          6]
 [3218606451 3194548475          1          6]
 [3217305318 3194548475          0          6]
 [3194548475 3217305318         23          6]
 [3217305318 3194548475          0          6]
 [3194548475 3218606451          0          6]
 [3194548475 3217305318          0          6]
 [3194548475 3218606451          0          6]
 [3194548475 3217305318         23          6]]
Potential DOS attack Detected with records as follows
[[3420958637 2853066459       1460          6]
 [3414965157 2853065667       1460          6]
 [3408156307 2853066459       1460          6]
 [3410980025 2853066139       1460          6]
 [3416042245 2853066681       1460          6]
 [3424703808 2853066230       1460          6]
 [3424193924 2853066459       1460          6]
 [3410980002 2853066867       1460          6]
 [3413246663 2853066681       1460          6]
 [3413246663 2853066681       1460          6]
 [3413246663 2853066681       1460          6]
 [3408156307 2853065609       1460          6]
 [3408156307 2853065609       1460          6]
 [3409074871 2853066230       1460          6]
 [3409074871 2853066230       1460          6]
 [3409074871 2853066230       1460          6]
 [3407698386 2853066674       1460          6]
 [3410980025 2853066674       1460          6]
 [3410980027 2853066674       1460          6]
 [3423964760 2853066312       1460          6]
 [3420958669 2853065799       1460          6]
 [3418608364 2853065799       1460          6]
 [3417962665 2853066312       1460          6]
 [3410980025 2853066524       1460          6]
 [3424193924 2853065799       1460          6]
 [3422568439 2853065609       1460          6]
 [3407698386 2853066118       1460          6]
 [3407698386 2853066118       1460          6]
 [3407698386 2853066118       1460          6]
 [3407744777 2853065609       1460          6]
 [3407744777 2853065609       1460          6]
 [3410980026 2853065799       1460          6]
 [3410980026 2853065799       1460          6]
 [3410980026 2853065799       1460          6]
 [3410980025 2853065799       1460          6]
 [3410980025 2853065799       1460          6]
 [3424556945 2853066674       1460          6]
 [3424556945 2853066674       1460          6]
 [3422024390 2853066118       1460          6]
 [3424703808 2853066312       1460          6]
 [3424703808 2853066312       1460          6]
 [3413268932 2853066118       1460          6]
 [3413268932 2853066118       1460          6]
 [3424703808 2853066681       1460          6]
 [3424193905 2853065820       1460          6]
 [3410980027 2853065667       1460          6]
 [3410980025 2853065667       1460          6]
 [3410980074 2853065667       1460          6]
 [3410980025 2853065667       1460          6]
 [3416765721 2853066846       1460          6]
 [3413246663 2853066846       1460          6]
 [3410980025 2853065609       1460          6]
 [3416765797 2853065609       1460          6]
 [3416765797 2853065609       1460          6]
 [3416765797 2853065609       1460          6]
 [3417496765 2853065667       1460          6]]
Potential DOS attack Detected with records as follows
[[3463304731 2853066681       1460          6]
 [3463586853 2853066459       1460          6]
 [3463586853 2853066459       1460          6]
 [3465629533 2853065609       1460          6]
 [3465629533 2853066459       1460          6]
 [3465629533 2853066459       1460          6]
 [3465629533 2853066681       1460          6]
 [3469871456 2853066681       1460          6]
 [3469871456 2853066681       1460          6]
 [3464145334 2853065919       1460          6]
 [3469871460 2853066681       1460          6]
 [3464145334 2853065919       1460          6]
 [3469669725 2853066177       1460          6]
 [3465632628 2853065609       1460          6]
 [3469669725 2853066177       1460          6]
 [3464145334 2853066312       1460          6]
 [3465728520 2853066177       1460          6]
 [3465579602 2853066177       1460          6]
 [3465579602 2853066177       1460          6]
 [3469871460 2853065609       1460          6]
 [3469871460 2853065609       1460          6]
 [3463586853 2853065609       1460          6]
 [3469871460 2853066230       1460          6]
 [3469871460 2853066230       1460          6]
 [3469871460 2853066230       1460          6]
 [3469871460 2853066230       1460          6]
 [3475586585 2853066846       1460          6]
 [3469871460 2853066230       1460          6]
 [3469871460 2853066230       1460          6]
 [3469910739 2853065654       1460          6]
 [3469910739 2853065654       1460          6]
 [3469910739 2853065654       1460          6]
 [3469910739 2853065654       1460          6]
 [3469910739 2853065654       1460          6]
 [3479691451 2853066230       1460          6]
 [3479691451 2853066230       1460          6]
 [3469910739 2853065654       1460          6]
 [3479691451 2853066230       1460          6]
 [3479691451 2853066230       1460          6]
 [3479691451 2853066230       1460          6]
 [3479691451 2853066230       1460          6]
 [3475984431 2853066230       1460          6]
 [3478383116 2853066230       1460          6]
 [3478383116 2853066230       1460          6]
 [3478383116 2853066230       1460          6]
 [3474103310 2853066139       1460          6]
 [3464145334 2853066138       1460          6]
 [3464145334 2853066138       1460          6]
 [3465629533 2853066867       1460          6]
 [3465629533 2853065799       1460          6]
 [3465579602 2853066312       1460          6]
 [3469936557 2853066312       1460          6]
 [3475298165 2853066230       1460          6]
 [3463586853 2853065799       1460          6]
 [3469871460 2853066838       1460          6]
 [3469871460 2853066838       1460          6]
 [3469871460 2853066838       1460          6]
 [3465629533 2853065799       1460          6]
 [3474101123 2853066230       1460          6]
 [3469871460 2853066838       1460          6]
 [3473071753 2853066312       1460          6]
 [3473071753 2853066312       1460          6]
 [3464145334 2853066838       1460          6]
 [3465629533 2853065799       1460          6]
 [3465629533 2853065799       1460          6]
 [3472634161 2853066838       1460          6]
 [3465629533 2853065799       1460          6]
 [3476988498 2853066312       1460          6]
 [3476988498 2853066312       1460          6]
 [3464288508 2853066524       1460          6]
 [3464288508 2853066524       1460          6]
 [3464288507 2853066524       1460          6]
 [3463304731 2853066846       1460          6]
 [3469871460 2853066867       1460          6]
 [3469871460 2853066674       1460          6]
 [3469871460 2853066674       1460          6]
 [3469871460 2853066674       1460          6]
 [3469871460 2853066674       1460          6]
 [3471129848 2853066312       1460          6]
 [3465629533 2853066312       1460          6]
 [3465629533 2853066681       1460          6]
 [3465634889 2853066312       1460          6]
 [3469934348 2853065820       1460          6]
 [3469934348 2853065820       1460          6]
 [3465634889 2853066312       1460          6]
 [3465634889 2853066681       1460          6]
 [3465634889 2853066681       1460          6]
 [3493379265 2853066312       1460          6]
 [3493379265 2853066312       1460          6]
 [3493379265 2853066312       1460          6]
 [3474159321 2853065667       1460          6]
 [3474159321 2853065667       1460          6]
 [3476988498 2853065667       1460          6]
 [3465629533 2853066846       1460          6]
 [3469871456 2853066846       1460          6]
 [3474107025 2853066846       1460          6]
 [3463304731 2853066681       1460          6]
 [3473164836 2853065667       1460          6]]
Potential DOS attack Detected with records as follows
[[2853065919 2332816275          0          6]
 [2853065919 2332816275        256          6]
 [2853066312 2332816275        352          6]
 [2853066139 2314363903          0          6]
 [2853066867 2333690643          0          6]
 [2853066867 2333690643          0          6]
 [2853066867 2333690643        253          6]
 [2853065609 2332816275        323          6]
 [2853066118 2336608766          0          6]
 [2853066118 2336608766          0          6]
 [2853066118 2336608766          0          6]
 [2853066118 2336608766          0          6]]
Potential DOS attack Detected with records as follows
[[2138873135 2853066459          0          6]
 [2142997595 2853066787        955          6]
 [2142997595 2853066787       1460          6]
 [2142125728 2853066230        152          6]
 [2142125728 2853066230          0          6]
 [2142125728 2853066524        515          6]
 [2142125728 2853066524       1024          6]
 [2142125728 2853066524          0          6]
 [2143094305 2853066230          0          6]
 [2138857141 2853066139          0          6]
 [2138857141 2853066139       1460          6]
 [2138857141 2853065919          0          6]
 [2138857141 2853065919          0          6]
 [2138857141 2853065919          0          6]
 [2155083288 2853065667       1460          6]]
Potential DOS attack Detected with records as follows
[[2584232550 2853065667       1460          6]
 [2584630022 2853066139        877          6]
 [2584232550 2853066838          0          6]
 [2584232550 2853066838       1019          6]
 [2584232550 2853066838          0          6]
 [2584232550 2853066838          0          6]
 [2584232550 2853066838          0          6]
 [2613079369 2853065609          0          6]
 [2572133617 2853065799        150          6]
 [2572133617 2853065667       1460          6]]
Potential DOS attack Detected with records as follows
[[2853065667 2584232550          0          6]
 [2853065667 2584232550        235          6]
 [2853065667 2584232550        232          6]
 [2853066139 2584630022          0          6]
 [2853066838 2584232550          0          6]
 [2853065799 2572133617          0          6]
 [2853065799 2572133617          0          6]
 [2853065667 2572133617        205          6]
 [2853065667 2572133617          0          6]
 [2853065667 2572133617        205          6]]
Potential DOS attack Detected with records as follows
[[2853066674 2428365737          0          6]
 [2853066674 2428365737          0          6]
 [2853066674 2428365737          0          6]
 [2853066674 2428365737        224          6]
 [2853066674 2428365737          0          6]
 [2853066118 2428365737          0          6]
 [2853066118 2428365737          0          6]
 [2853066118 2428365737          0          6]
 [2853066118 2428365737          0          6]]
Potential DOS attack Detected with records as follows
[[2428365737 2853066674          0          6]
 [2428365737 2853066674          0          6]
 [2428365737 2853066674       1037          6]
 [2428365737 2853066118          0          6]
 [2428365737 2853066118       1460          6]
 [2428365737 2853066118          0          6]
 [2428365737 2853066118       1024          6]]
Potential DOS attack Detected with records as follows
[[3250932085 2853066838       1460          6]
 [3252374708 2853066118       1460          6]]
Potential DOS attack Detected with records as follows
[[2853066459 3465629533          0          6]
 [2853066459 3465629533          0          6]
 [2853066459 3465629533          0          6]
 [2853066459 3465629533          0          6]
 [2853066459 3465629533          0          6]
 [2853066459 3465629533          0          6]
 [2853066459 3465629533          0          6]
 [2853066459 3465629533          0          6]
 [2853065667 3469869089          0          6]
 [2853066459 3463586853          0          6]
 [2853066459 3463586853          0          6]
 [2853066459 3463586853          0          6]
 [2853065609 3465629533          0          6]
 [2853065609 3465629533          0          6]
 [2853065609 3465629533          0          6]
 [2853066459 3465629533          0          6]
 [2853066459 3465629533          0          6]
 [2853066681 3465629533          0          6]
 [2853066681 3465629533          0          6]
 [2853066681 3465629533          0          6]
 [2853066681 3469871456          0          6]
 [2853065919 3464145334          0          6]
 [2853066846 3465629533          0          6]
 [2853066139 3469864897          0          6]
 [2853066312 3464145334          0          6]
 [2853066177 3465579602          0          6]
 [2853066312 3464145334          0          6]
 [2853065609 3469872091          0          6]
 [2853065609 3469871460          0          6]
 [2853065609 3469871460          0          6]
 [2853065609 3469871460          0          6]
 [2853066177 3473833897          0          6]
 [2853065609 3463586853          0          6]
 [2853066177 3472891873          0          6]
 [2853065609 3463586853          0          6]
 [2853066846 3469864667          0          6]
 [2853066846 3469864667          0          6]
 [2853066230 3469871460          0          6]
 [2853066230 3469871460          0          6]
 [2853066230 3469871460          0          6]
 [2853066230 3469871460          0          6]
 [2853065654 3469872091          0          6]
 [2853066846 3465611470          0          6]
 [2853066230 3469871460          0          6]
 [2853066230 3469871460          0          6]
 [2853065654 3469910739          0          6]
 [2853065654 3469910739          0          6]
 [2853065654 3469910739          0          6]
 [2853065654 3469910739          0          6]
 [2853065654 3469910739          0          6]
 [2853065654 3469910739          0          6]
 [2853065654 3469910739          0          6]
 [2853066787 3466778480          0          6]
 [2853066787 3466778480          0          6]
 [2853066787 3466778480          0          6]
 [2853065654 3469910739          0          6]
 [2853066787 3468177907          0          6]
 [2853065654 3469910739          0          6]
 [2853066139 3465609294          0          6]
 [2853066139 3465609294          0          6]
 [2853066230 3464288508          0          6]
 [2853066230 3474105306          0          6]
 [2853066230 3474105306          0          6]
 [2853066138 3464145334          0          6]
 [2853066138 3464145334          0          6]
 [2853066230 3464288508          0          6]
 [2853066230 3465629533          0          6]
 [2853065799 3465629533          0          6]
 [2853065799 3465629533          0          6]
 [2853065799 3465629533          0          6]
 [2853066867 3465629533          0          6]
 [2853066867 3465629533          0          6]
 [2853065799 3465629533          0          6]
 [2853065799 3465629533          0          6]
 [2853065799 3465629533          0          6]
 [2853066312 3469669725          0          6]
 [2853066312 3465579602          0          6]
 [2853066312 3465579602          0          6]
 [2853066312 3465579602          0          6]
 [2853066230 3463017825          0          6]
 [2853066312 3465579602          0          6]
 [2853066230 3471820544          0          6]
 [2853066312 3473833897          0          6]
 [2853065799 3463586853          0          6]
 [2853065799 3463586853          0          6]
 [2853066838 3469871460          0          6]
 [2853066838 3469871460          0          6]
 [2853066838 3469871460          0          6]
 [2853066838 3469871460          0          6]
 [2853065799 3465629533          0          6]
 [2853065799 3465629533          0          6]
 [2853065799 3465629533          0          6]
 [2853066867 3465629533          0          6]
 [2853066838 3469871460          0          6]
 [2853066230 3474101123          0          6]
 [2853066230 3474101123          0          6]
 [2853066230 3474101123          0          6]
 [2853066838 3469871460          0          6]
 [2853066230 3474090975          0          6]
 [2853066312 3473071753          0          6]
 [2853066312 3473071753          0          6]
 [2853066838 3464145334          0          6]
 [2853066838 3464145334          0          6]
 [2853066838 3464145334          0          6]
 [2853065667 3469871460          0          6]
 [2853066838 3464145334          0          6]
 [2853066838 3464145334          0          6]
 [2853065799 3465629533          0          6]
 [2853065799 3465629533          0          6]
 [2853066867 3463053520          0          6]
 [2853065799 3465629533          0          6]
 [2853065799 3465629533          0          6]
 [2853066838 3472634161          0          6]
 [2853065799 3465629533          0          6]
 [2853066312 3469893134          0          6]
 [2853066312 3474159321          0          6]
 [2853066524 3464288508          0          6]
 [2853066524 3464288508          0          6]
 [2853065609 3462609679          0          6]
 [2853066867 3469871460          0          6]
 [2853066867 3469871460          0          6]
 [2853066139 3470970528          0          6]
 [2853066139 3470970528          0          6]
 [2853066674 3469871460          0          6]
 [2853066674 3469871460          0          6]
 [2853066674 3469871460          0          6]
 [2853066674 3469871460          0          6]
 [2853066674 3469871460          0          6]
 [2853066674 3469871460          0          6]
 [2853066674 3469871460          0          6]
 [2853066674 3469871460          0          6]
 [2853066674 3465632628          0          6]
 [2853066674 3465632628          0          6]
 [2853066674 3465632628          0          6]
 [2853065919 3470970528          0          6]
 [2853065919 3470970528          0          6]
 [2853066312 3465629533          0          6]
 [2853066312 3465629533          0          6]
 [2853066312 3470352377          0          6]
 [2853066312 3471129848          0          6]
 [2853066312 3465629533          0          6]
 [2853066681 3465629533          0          6]
 [2853066681 3465629533          0          6]
 [2853066312 3465634889          0          6]
 [2853066312 3465634889          0          6]
 [2853066312 3465634889          0          6]
 [2853066312 3465634889          0          6]
 [2853066118 3466075692          0          6]
 [2853066312 3469864897          0          6]
 [2853066459 3463304731          0          6]
 [2853066459 3465629533          0          6]
 [2853066459 3465629533          0          6]
 [2853066846 3465629533          0          6]
 [2853066846 3465629533          0          6]
 [2853066846 3465629533          0          6]
 [2853066846 3469871456          0          6]
 [2853066846 3469871456          0          6]
 [2853066459 3465629533          0          6]
 [2853066459 3465629533          0          6]
 [2853066459 3465629533          0          6]
 [2853066846 3469871460          0          6]
 [2853066846 3474107025          0          6]
 [2853065667 3466753129          0          6]]
Potential DOS attack Detected with records as follows
[[2853066681 2287601309          0          6]
 [2853066681 2287601309          0          6]
 [2853066230 2287601309          0          6]
 [2853066787 2287601309          0          6]
 [2853065654 2287601309          0          6]
 [2853065654 2287601309          0          6]
 [2853065667 2287601309          0          6]
 [2853066230 2297801225          0          6]
 [2853066230 2297801225          0          6]
 [2853066867 2287601309          0          6]
 [2853066177 2287601309          0          6]
 [2853065667 2287601309          0          6]
 [2853066846 2287601309          0          6]
 [2853066846 2287601309          0          6]
 [2853065667 2287601309          0          6]
 [2853066846 2287601309          0          6]
 [2853065799 2281755522          0          6]
 [2853066230 2287601309          0          6]
 [2853066230 2287601309          0          6]
 [2853066230 2287601309          0          6]
 [2853066230 2287601309          0          6]
 [2853066230 2287601309          0          6]
 [2853066230 2287601309          0          6]
 [2853065919 2287601309          0          6]
 [2853065609 2287601309          0          6]
 [2853065799 2287601309          0          6]
 [2853065799 2287601309          0          6]
 [2853066674 2287383220          0          6]
 [2853066118 2287601309          0          6]
 [2853065667 2287601309          0          6]
 [2853065820 2287601309          0          6]
 [2853065799 2287601309          0          6]
 [2853065799 2287601309          0          6]
 [2853066681 2287601309          0          6]
 [2853066681 2287601309          0          6]
 [2853066681 2287601309          0          6]
 [2853066681 2287601309          0          6]
 [2853065609 2287601309          0          6]]
Potential DOS attack Detected with records as follows
[[2853065799 3194548475         17          6]
 [2853065799 3194548475          0          6]
 [2853065919 3194548475         12          6]
 [2853065799 3194548475          0          6]
 [2853065919 3194548475         22          6]
 [2853065799 3194548475          1          6]
 [2853065919 3197623516          0          6]
 [2853066838 3188677090          0          6]
 [2853065919 3194548475          1          6]
 [2853066312 3197634986          0          6]
 [2853066312 3197634986          0          6]
 [2853065820 3194548475          1          6]
 [2853066846 3112924672          0          6]
 [2853065820 3194548475          1          6]
 [2853066138 3197634986          0          6]
 [2853066674 3193445612          0          6]
 [2853066838 3197634986          0          6]
 [2853066312 3190433817          0          6]
 [2853066312 3190433817          0          6]
 [2853066312 3190433817          0          6]
 [2853065667 3190433817          0          6]
 [2853065667 3190433817          0          6]
 [2853065667 3190433817          0          6]
 [2853066118 3186299126          0          6]
 [2853066118 3197634986          0          6]]
Potential DOS attack Detected with records as follows
[[2853066118 3280751529       1460          6]
 [2853066118 3280751529       1460          6]
 [2853066118 3280751529       1460          6]
 [2853066118 3280751529       1460          6]
 [2853066118 3280751529       1460          6]
 [2853066118 3280751529       1460          6]
 [2853066118 3280751529       1460          6]
 [2853066118 3280751529       1460          6]
 [2853066118 3280751529       1460          6]
 [2853066118 3280751529       1460          6]
 [2853066118 3280751529       1460          6]
 [2853066118 3280751529       1460          6]
 [2853066118 3280751529       1460          6]
 [2853066118 3280751529       1460          6]
 [2853066118 3280751529       1460          6]
 [2853066118 3280751529       1460          6]
 [2853066118 3280751529       1460          6]
 [2853066118 3278388863       1460          6]
 [2853066118 3280751529       1460          6]
 [2853066118 3280751529       1460          6]
 [2853066118 3280751529       1460          6]
 [2853066118 3280751529       1460          6]
 [2853066118 3280751529       1460          6]
 [2853066118 3280751529       1460          6]
 [2853066118 3280751529       1460          6]
 [2853066118 3280751529       1460          6]
 [2853066118 3280751529       1460          6]
 [2853066118 3280751529       1460          6]
 [2853066118 3280751529       1460          6]
 [2853066118 3280751529       1460          6]
 [2853066118 3280751529       1460          6]
 [2853066118 3280751529       1460          6]
 [2853066118 3280751529       1460          6]
 [2853066118 3280751529       1460          6]
 [2853066118 3280751529       1460          6]]
Potential DOS attack Detected with records as follows
[[2853066118 3238153505       1460          6]
 [2853066118 3238153505       1460          6]
 [2853066118 3238153505       1460          6]
 [2853066020 3238153505       1460          6]
 [2853066020 3240901698       1460          6]
 [2853066020 3240901698       1460          6]
 [2853066020 3240901698       1460          6]]
Potential DOS attack Detected with records as follows
[[3112924672 2853066230          0          6]
 [3112924672 2853065609          0          6]]
Potential DOS attack Detected with records as follows
[[2853066177 3367012352          0          6]
 [2853066177 3367012352          0          6]
 [2853066177 3367012352          0          6]
 [2853066312 3367012352        320          6]
 [2853066312 3367012352          0          6]
 [2853066838 3367411937          0          6]
 [2853066312 3354053762          0          6]
 [2853066312 3354053762          0          6]
 [2853066312 3354053762          0          6]
 [2853066312 3354053762          0          6]
 [2853066312 3354053762          0          6]
 [2853066681 3354053762          0          6]
 [2853066681 3354053762          0          6]
 [2853066681 3354053762          0          6]
 [2853066681 3354053762          0          6]]
